/****************************************************************/
/*		サイズ定義												*/
/****************************************************************/
	#define		UINT1			char		//unsigned char
	#define		UINT1p			char		//unsigned char *
	#define		SINT1			char		//signed char
	#define		SINT1p			char		//signed char *
	#define		UINT2			short		//unsigned short
	#define		UINT2p			short		//unsigned short *
	#define		SINT2			short		//signed short
	#define		SINT2p			short		//signed short *
	#define		UINT4			int			//unsigned int
	#define		UINT4p			int			//unsigned int *
	#define		SINT4			int			//signed int
	#define		SINT4p			int			//signed int *
	#define		UINT8			long		//unsigned long
	#define		UINT8p			long		//unsigned long *
	#define		SINT8			long		//signed long
	#define		SINT8p			long		//signed long *

/* 基本型定義 (*** 環境依存注意 ***) */
	#define		int8_t			char		//typedef signed   char		int8_t;
	#define		int16_t			short		//typedef signed   short	int16_t;
	#define		int32_t			long		//typedef signed   long		int32_t;

	#define		uint8_t			char		//typedef unsigned char		uint8_t;
	#define		uint16_t		short		//typedef unsigned short	uint16_t;
	#define		uint32_t		long		//typedef unsigned long		uint32_t;

	#define		in_port_t		uint16_t	//typedef uint16_t			in_port_t;

//#endif	/* !_WIN32 */

/*****************************************************************************/

//-*SUGI_DEB***************************
#if SUGI_DEB //-*todo:注デバッグ中	
nextflg_ = 1;
#endif //-*todo:注デバッグ中
//-****************************SUGI_DEB


3:9種9敗



ノーマル戦		//-*LIM00, //  0:ノーマル戦
鳴き禁止		//-*LIM01, //  1:鳴き禁止
点数ハンデ戦		//-*LIM02, //  2:点数ハンデ戦[-10000点/15000vs35000]
二翻縛り		//-*LIM03, //  3:二翻縛り
ロン・リーチ禁止	//-*LIM04, //  4:ロン・リーチ禁止
ロン禁止		//-*LIM05, //  5:ロン禁止
リーチ禁止,		//-*LIM06, //  6:リーチ禁止
点数ハンデ戦		//-*LIM07, //  7:点数ハンデ戦[-5000点/20000vs30000]
点数ハンデ戦		//-*LIM08, //* 8:点数ハンデ戦[-15000点/10000vs40000]

38,		24		},		//１戦目　：　38～24
36,		26		},		//２戦目　：　36～26
36,		28		},		//３戦目　：　36～28
34,		24		},		//４戦目　：　34～24
34,		28		},		//５戦目　：　34～28
38,		28		},		//６戦目　：　38～28
50,		50		},		//７戦目　：　無し

-7, 7
-1, 7
99,99
99,99
-3, 0
-4, 4
-4, 4
-4, 4
99,99
 0,99
 0,99
 0,99
 0, 5
 0,99
 0, 5
 0,99
 0, 5
 0,99
 0, 5
99,99
 0, 1
99,99
 0, 1
 0, 1
 0, 1
 0, 1
 0, 1
 0, 1
99,99
99,99



	/* name                        rr ud ki in yk or ft fi fv f 1 2 hon toi tan k  a t s j k f s r a */
#if	_MONITOR_CODE2
/*C*/	new PARA (/*水木優          */ -2, 0,-1, 0,-2,-2,-4,-4,-6,1,3,2,0,0,4,1,0,0,5,-2,0,0,0,1,1,1,1,0,0,0),
/*D*/	new PARA (/*高沢渚          */ -1, 0,-1, 0,-2,-2,-4,-4,-6,1,3,2,0,0,4,1,0,0,5,-2,0,0,0,0,1,1,1,1,0,0),
/*C*/	new PARA (/*東海林ワタミ    */ -1, 0, 0, 0,-2,-2,-4,-4,-6,1,3,2,0,0,4,1,0,0,5,-2,0,0,0,1,1,1,1,1,0,0),
/*A*/	new PARA (/*鳥居美砂        */ -3, 0, 0, 0,-2,-3,-4,-4,-6,1,3,2,0,0,4,1,0,0,5,-2,0,0,0,1,1,1,1,1,0,0),
/*A*/	new PARA (/*瀬川舞          */ -3, 0, 0, 0,-2,-3,-4,-4,-6,1,3,2,0,0,4,1,0,0,5,-2,0,0,0,1,1,1,1,1,0,0),

/*B*/	new PARA (/*ビル・フｨｯシｬ-  */ -2, 0, 0, 0,-2,-2,-4,-4,-6,1,3,2,0,0,4,1,0,0,5,-2,0,0,0,1,1,1,1,1,0,0),
/*E*/	new PARA (/*藤波泰男        */ -3, 0,-1, 0,-2,-2,-4,-4,-6,1,3,2,0,0,4,1,0,0,5,-2,0,0,0,1,1,1,1,1,0,0),
/*B*/	new PARA (/*コ-ラス・スミス */ -2, 0, 0, 0,-2,-2,-4,-4, 6,1,3,2,0,0,4,1,0,0,5,-2,0,0,0,1,1,1,1,1,0,0),
/*A*/	new PARA (/*岩波時典        */ -3, 0, 0, 0,-2,-3,-4,-4,-6,1,2,2,0,0,4,1,0,0,5,-2,0,0,0,1,1,1,1,0,0,0),
/*D*/	new PARA (/*沖田ジｮ-ジ      */ -1, 0,-1, 0,-2,-2,-4,-4,-6,1,3,2,0,0,4,1,0,0,5,-2,0,0,0,1,1,1,1,1,0,0),

/*E*/	new PARA (/*水島リヨ子      */ -3, 0,-2, 0,-2,-4,-4,-4,-6,1,3,2,0,0,4,1,0,0,5,-2,0,0,0,0,0,0,0,0,0,0),
/*S*/	new PARA (/*海原匠          */  4, 5, 0, 0, 0, 1, 1, 0,-1,2,2,1,1,4,1,4,1,2,3, 0,0,0,1,1,1,1,1,0,0,0),
/*S*/	new PARA (/*シブサワコウ    */  4, 5, 0, 0, 0, 1, 1, 1, 1,2,1,1,1,3,1,4,3,1,4,-1,0,0,1,1,1,1,1,1,0,0),
/*SS*/	new PARA (/*磯部慎吾        */  5, 5, 0, 0, 0, 2, 2, 2, 2,2,2,1,1,3,1,4,1,4,4, 0,0,0,1,1,1,1,1,1,0,0),
/*E*/	new PARA (/*天海レナ　      */ -3, 0,-2, 0,-2,-4,-4,-4,-6,1,3,2,0,0,4,1,0,0,5,-2,0,0,0,0,0,0,0,0,0,0),
/*A*/	new PARA (/*滝川奈月        */ -3, 0, 0, 0,-2,-3,-4,-4,-6,1,3,2,0,0,4,1,0,0,5,-2,0,0,0,1,1,1,1,1,0,0),
#else
	/* name                        rr ud ki in yk or ft fi fv f 1 2 hon toi tan k  a t s j k f s r a */
/*C*/	new PARA (/*水木優          */ -2, 0,-1, 0,-1,-2,-2,-2,-3,2,2,1,1,1,1,2,1,1,4,-1,0,0,0,1,1,1,1,0,0,0),
/*D*/	new PARA (/*高沢渚          */ -1, 0,-1, 0,-2, 1,-1,-1,-2,3,2,2,1,2,1,1,1,1,2,-1,0,0,1,0,1,1,1,1,0,0),
/*C*/	new PARA (/*東海林ワタミ    */ -1, 1, 0, 0, 0,-2,-1,-1,-1,2,2,2,1,2,1,1,1,1,2, 0,0,0,1,1,1,1,1,1,0,0),
/*A*/	new PARA (/*鳥居美砂        */  3, 2, 0, 0, 0, 3, 2, 2, 1,3,3,1,1,2,1,2,2,2,1, 0,0,0,1,1,1,1,1,1,0,0),
/*A*/	new PARA (/*瀬川舞          */  3, 3, 0, 0, 0, 3, 1, 1, 1,3,3,1,1,2,1,2,1,3,1, 0,0,0,1,1,1,1,1,1,0,0),

/*B*/	new PARA (/*ビル・フｨｯシｬ-  */  2, 1, 0, 0, 0, 2, 0, 0, 2,3,3,1,1,3,1,1,0,0,1, 0,0,0,1,1,1,1,1,1,0,0),
/*E*/	new PARA (/*藤波泰男        */ -3, 0,-1, 0,-1, 2,-1,-1,-2,3,2,2,1,2,1,1,1,1,1,-2,0,0,1,1,1,1,1,1,0,0),
/*B*/	new PARA (/*コ-ラス・スミス */  2, 2, 0, 0, 0, 2, 2, 2, 2,4,3,2,1,2,1,3,1,3,2, 0,0,0,1,1,1,1,1,1,0,0),
/*A*/	new PARA (/*岩波時典        */  3, 3, 0, 0,-1, 3,-1,-1, 0,2,2,2,1,2,1,2,1,1,2, 0,0,0,1,1,1,1,1,0,0,0),
/*D*/	new PARA (/*沖田ジｮ-ジ      */ -2, 0,-1, 0, 0,-1,-2,-2,-2,3,2,2,1,1,1,2,1,1,3,-2,0,0,1,1,1,1,1,1,0,0),

/*E*/	new PARA (/*水島リヨ子      */ -3, 0,-2, 0,-2,-4,-3,-3,-4,1,3,2,1,2,1,1,1,1,4,-2,0,0,0,0,0,0,0,0,0,0),
/*S*/	new PARA (/*海原匠          */  4, 5, 0, 0, 0, 1, 1, 0,-1,2,2,1,1,4,1,3,1,2,3, 0,0,0,1,1,1,1,1,0,0,0),
/*S*/	new PARA (/*シブサワコウ    */  4, 5, 0, 0, 0, 1, 1, 1, 1,2,1,1,1,3,1,4,3,1,4,-1,0,0,1,1,1,1,1,1,0,0),
/*SS*/	new PARA (/*磯部慎吾        */  5, 5, 0, 0, 0, 2, 2, 2, 2,2,2,1,1,3,1,4,1,4,4, 0,0,0,1,1,1,1,1,1,0,0),
/*E*/	new PARA (/*天海レナ　      */ -3, 0,-2, 0,-2,-4,-3,-3,-4,1,3,2,1,2,1,1,1,1,4,-2,0,0,0,0,0,0,0,0,0,0),
/*A*/	new PARA (/*滝川奈月        */  3, 3, 0, 0, 0, 3, 1, 1, 1,3,3,1,1,2,1,2,1,3,1, 0,0,0,1,1,1,1,1,1,0,0),
};









